1.481406250000000000e+02
2.517578125000000000e+02
1.518281250000000000e+02
2.791796875000000000e+02
1.573593750000000000e+02
3.108203125000000000e+02
1.628906250000000000e+02
3.382421875000000000e+02
1.739531250000000000e+02
3.677734375000000000e+02
1.905468750000000000e+02
3.909765625000000000e+02
2.108281250000000000e+02
4.099609375000000000e+02
2.347968750000000000e+02
4.226171875000000000e+02
2.606093750000000000e+02
4.247265625000000000e+02
2.882656250000000000e+02
4.226171875000000000e+02
3.122343750000000000e+02
4.099609375000000000e+02
3.288281250000000000e+02
3.867578125000000000e+02
3.472656250000000000e+02
3.614453125000000000e+02
3.564843750000000000e+02
3.319140625000000000e+02
3.620156250000000000e+02
3.023828125000000000e+02
3.620156250000000000e+02
2.707421875000000000e+02
3.638593750000000000e+02
2.412109375000000000e+02
1.536718750000000000e+02
2.285546875000000000e+02
1.702656250000000000e+02
2.106250000000000000e+02
1.896250000000000000e+02
1.979687500000000000e+02
2.117500000000000000e+02
1.969140625000000000e+02
2.311093750000000000e+02
2.074609375000000000e+02
2.873437500000000000e+02
2.032421875000000000e+02
3.048593750000000000e+02
2.000781250000000000e+02
3.214531250000000000e+02
1.990234375000000000e+02
3.371250000000000000e+02
2.042968750000000000e+02
3.509531250000000000e+02
2.201171875000000000e+02
2.550781250000000000e+02
2.412109375000000000e+02
2.532343750000000000e+02
2.644140625000000000e+02
2.550781250000000000e+02
2.855078125000000000e+02
2.550781250000000000e+02
3.044921875000000000e+02
2.366406250000000000e+02
3.234765625000000000e+02
2.458593750000000000e+02
3.234765625000000000e+02
2.569218750000000000e+02
3.255859375000000000e+02
2.661406250000000000e+02
3.234765625000000000e+02
2.753593750000000000e+02
3.213671875000000000e+02
1.757968750000000000e+02
2.496484375000000000e+02
1.831718750000000000e+02
2.348828125000000000e+02
2.071406250000000000e+02
2.327734375000000000e+02
2.237343750000000000e+02
2.412109375000000000e+02
2.071406250000000000e+02
2.538671875000000000e+02
1.887031250000000000e+02
2.580859375000000000e+02
2.937968750000000000e+02
2.433203125000000000e+02
3.030156250000000000e+02
2.306640625000000000e+02
3.269843750000000000e+02
2.306640625000000000e+02
3.343593750000000000e+02
2.391015625000000000e+02
3.269843750000000000e+02
2.433203125000000000e+02
3.048593750000000000e+02
2.454296875000000000e+02
2.145156250000000000e+02
3.614453125000000000e+02
2.311093750000000000e+02
3.530078125000000000e+02
2.495468750000000000e+02
3.466796875000000000e+02
2.569218750000000000e+02
3.466796875000000000e+02
2.642968750000000000e+02
3.466796875000000000e+02
2.845781250000000000e+02
3.508984375000000000e+02
3.030156250000000000e+02
3.572265625000000000e+02
2.882656250000000000e+02
3.677734375000000000e+02
2.735156250000000000e+02
3.719921875000000000e+02
2.587656250000000000e+02
3.762109375000000000e+02
2.440156250000000000e+02
3.741015625000000000e+02
2.292656250000000000e+02
3.698828125000000000e+02
2.182031250000000000e+02
3.614453125000000000e+02
2.384843750000000000e+02
3.593359375000000000e+02
2.569218750000000000e+02
3.572265625000000000e+02
2.772031250000000000e+02
3.572265625000000000e+02
2.993281250000000000e+02
3.593359375000000000e+02
2.772031250000000000e+02
3.572265625000000000e+02
2.569218750000000000e+02
3.593359375000000000e+02
2.366406250000000000e+02
3.593359375000000000e+02
